idx,norm,trento_p,sigma_k,nucleon_width,dmin3,tau_R,alpha,eta_over_s_T_kink_in_GeV,eta_over_s_low_T_slope_in_GeV,eta_over_s_high_T_slope_in_GeV,eta_over_s_at_kink,zeta_over_s_max,zeta_over_s_T_peak_in_GeV,zeta_over_s_width_in_GeV,zeta_over_s_lambda_asymm,shear_relax_time_factor,bulk_relax_time_factor,bulk_relax_time_power,Tswitch
0,13.66276,-0.03525,0.97444,0.63929,1.82851,0.81604,-0.22252,0.19893,-1.16552,0.51020,0.15246,0.13164,0.20425,0.07033,0.22721,12.50588,3.58002,1.38812,0.14179
1,12.68132,0.19542,1.23158,0.49992,2.78076,1.36461,-0.38732,0.19538,-0.38760,0.11465,0.10282,0.07509,0.24476,0.07794,-0.01945,14.06481,6.94533,0.74667,0.14917
2,11.60332,0.08061,1.03810,0.79576,2.11433,0.99595,-0.14535,0.20023,-1.07706,0.34741,0.12196,0.08598,0.15921,0.03788,0.12933,8.72489,6.93066,1.64824,0.13903
3,18.20112,0.07961,0.82509,1.00552,3.37284,1.02247,-0.19189,0.22928,-0.34554,0.06021,0.09389,0.11006,0.19614,0.04387,-0.15717,10.57640,6.51012,0.65155,0.14055
4,8.92108,0.23850,0.95474,0.73556,3.25255,0.91549,-0.33001,0.25709,-0.70729,0.44071,0.18934,0.18598,0.17411,0.09113,-0.12163,12.99431,7.17385,1.49065,0.15293
5,13.13221,0.24040,1.00780,1.26812,1.66217,1.66715,-0.08298,0.19125,-0.69271,1.00812,0.22341,0.12137,0.20686,0.05184,0.20776,11.22413,7.27622,1.43056,0.14557
6,12.81396,-0.17307,0.66190,0.79080,2.86735,1.32774,-0.17652,0.20332,0.06051,0.53252,0.14367,0.10119,0.23680,0.09452,-0.17165,10.28892,4.72077,1.20484,0.13489
7,14.59271,0.27985,0.61325,1.06346,2.18948,1.80887,-0.16362,0.24179,0.55643,0.67908,0.10938,0.25064,0.22187,0.09219,-0.16008,12.01900,5.78774,1.31562,0.13132
8,18.43104,-0.11639,1.21014,1.08223,3.73251,0.95263,-0.35707,0.18750,-0.21908,0.32582,0.13693,0.14106,0.23399,0.08282,-0.24160,13.74179,3.77104,1.42032,0.15114
9,14.47975,-0.14410,0.94643,0.63607,1.03247,1.16816,-0.20350,0.22025,-1.53572,1.14280,0.18233,0.20968,0.17220,0.12139,0.22063,10.25048,6.13337,1.85792,0.14707
10,13.45633,0.46816,0.85265,1.33814,2.93985,1.00169,-0.15174,0.22595,-1.01567,0.46449,0.08780,0.03727,0.22786,0.10974,0.44321,8.11544,8.14393,0.86891,0.14333
11,19.22301,0.18485,1.00032,1.21453,1.50386,1.26877,-0.16817,0.21817,-1.30927,0.40384,0.09521,0.16611,0.19185,0.07445,0.08996,9.77295,8.02324,1.46315,0.15338
12,14.11633,0.29685,0.87515,0.85724,2.80633,0.80324,-0.46233,0.21205,-0.44378,0.26988,0.24900,0.09847,0.18363,0.06729,0.36498,9.89498,7.35005,0.64725,0.15316
13,10.35560,0.09417,1.16422,1.09747,2.31168,1.54593,-0.36961,0.20072,0.77067,0.83533,0.13957,0.12465,0.18592,0.03827,0.00079,6.42364,6.42891,1.76145,0.14152
14,15.08959,-0.29604,1.12761,0.91391,3.08538,1.13267,-0.23710,0.23013,-1.12420,-0.47199,0.16826,0.23750,0.23435,0.11900,-0.13053,6.93431,5.06512,0.76197,0.16053
15,13.07204,-0.19716,1.14887,1.04309,0.46024,0.90454,-0.23795,0.18070,-1.35946,-0.07822,0.22428,0.06880,0.21750,0.07575,-0.38189,7.77195,3.96158,0.77602,0.13754
16,12.98859,0.15850,1.28059,0.79894,1.33592,1.14868,-0.42118,0.21623,-1.41203,0.47598,0.20362,0.05831,0.25072,0.09766,-0.48826,7.39729,5.90979,1.77448,0.15657
17,15.97692,-0.24461,1.53920,1.07637,3.10946,1.45383,-0.20899,0.23159,-2.03488,0.87216,0.05379,0.18044,0.21898,0.08582,-0.61211,9.69756,3.22493,2.02125,0.13885
18,16.47572,0.14528,1.39376,0.59041,1.67581,1.18587,-0.30495,0.20290,-0.62546,0.29458,0.16485,0.23977,0.24627,0.03244,0.37167,7.89872,3.51232,0.81143,0.14883
19,15.90223,0.03834,1.33764,1.22108,1.62153,1.35208,-0.30156,0.22357,-1.83501,0.69631,0.03905,0.05008,0.19780,0.09479,0.42212,6.51339,8.93580,0.72501,0.12842
20,12.02322,0.35851,0.56510,0.92901,2.71607,1.39543,-0.15662,0.18305,-0.74254,1.58862,0.11821,0.21347,0.25163,0.12510,0.16279,9.26939,6.35999,2.06762,0.15531
21,11.55443,-0.27294,1.58215,0.98371,2.23530,1.26360,-0.25554,0.13645,0.12887,0.88099,0.17282,0.14459,0.15855,0.13709,0.15310,10.84564,6.23195,0.08095,0.13443
22,9.44532,-0.04161,1.75240,0.62770,3.31335,0.97868,-0.16100,0.25272,-0.93957,-0.23366,0.07524,0.07399,0.17160,0.11327,0.59908,9.94429,2.51054,0.33582,0.14843
23,17.44767,-0.13755,1.09112,0.62238,2.68557,1.79385,-0.36057,0.19398,-0.88914,1.07117,0.21250,0.08944,0.17028,0.07318,0.10827,12.25504,4.60986,1.33731,0.13822
24,15.77269,0.26208,1.06801,1.03691,3.35630,0.94046,-0.39973,0.26654,-2.28521,0.60276,0.12440,0.22091,0.12234,0.12361,-0.59606,16.90968,3.66265,0.42605,0.14256
25,13.78973,-0.23279,1.91127,1.24036,2.10748,1.21666,-0.09693,0.23324,0.45427,-0.12359,0.13453,0.13579,0.17749,0.05416,-0.25257,11.71916,7.10456,1.80217,0.15416
26,12.34091,-0.20932,0.78411,1.00005,3.61837,0.67161,-0.29581,0.16586,-0.87289,0.82893,0.16189,0.18168,0.22265,0.03100,0.55666,15.69050,6.67216,1.40085,0.12794
27,13.84271,0.33735,1.41171,0.73000,4.39551,1.53119,-0.18417,0.18449,-1.44564,0.37271,0.13081,0.09979,0.25432,0.05055,-0.34830,6.08968,3.47734,2.16841,0.15178
28,17.64525,0.30287,0.73011,0.39161,3.05548,1.29998,-0.22215,0.19829,-0.33138,1.71529,0.11562,0.26131,0.21640,0.06005,-0.50968,15.60312,2.37192,1.27454,0.14470
29,9.96820,-0.35662,1.49281,0.82291,2.04350,1.74761,-0.20191,0.23094,-2.69044,-0.35320,0.04771,0.18702,0.15432,0.08255,0.55160,13.66271,5.32419,1.87942,0.14699
30,17.59488,0.17426,1.48881,0.96668,2.99521,1.28531,-0.44881,0.15560,-1.02496,-0.42750,0.11133,0.10234,0.27021,0.06339,0.31752,14.98845,8.69134,0.91713,0.15091
31,11.66724,0.01722,1.59952,0.93883,2.73602,0.42940,-0.25056,0.21362,0.25207,1.82818,0.12883,0.21139,0.11055,0.08202,-0.04767,11.60170,5.81736,1.44225,0.12660
32,13.93042,0.03388,1.50748,1.11061,2.24519,1.33401,-0.28551,0.25225,-2.33829,1.62007,0.04560,0.15462,0.27818,0.06263,-0.37025,12.08864,3.44815,0.18707,0.15382
33,19.03409,0.31540,0.90851,1.05768,3.03657,1.11322,-0.26924,0.15155,-2.06155,0.89626,0.04340,0.03499,0.13127,0.08939,-0.31445,7.09816,6.55879,1.15608,0.14505
34,10.41392,-0.00136,1.21933,0.78395,3.21598,1.54388,-0.11886,0.17201,-0.23416,1.57034,0.09703,0.08789,0.15132,0.11130,-0.62692,8.82077,5.41480,1.37801,0.14941
35,18.95137,0.48195,0.79571,0.42101,1.47434,1.68487,-0.24828,0.19576,-0.19334,-0.16058,0.03407,0.25478,0.16658,0.13159,0.43369,13.48755,2.93776,1.69553,0.14597
36,16.82255,0.04570,0.46342,0.69479,3.91917,1.50513,-0.14896,0.19648,0.22375,0.03480,0.16430,0.01967,0.21350,0.06571,-0.71109,14.38162,8.41536,1.08963,0.14577
37,12.56147,-0.06140,1.08334,0.77221,3.77415,1.95562,-0.19853,0.21993,-2.39004,0.07306,0.13826,0.08300,0.26361,0.06948,-0.01541,13.98824,6.82065,1.82625,0.12716
38,8.77541,-0.13375,0.62748,0.67803,1.00339,0.67903,-0.18891,0.20968,-0.67042,0.21569,0.14121,0.24892,0.21570,0.05099,-0.42806,12.76235,4.43277,1.96677,0.15054
39,17.88704,-0.37939,0.75684,0.65770,1.77486,1.04508,-0.48909,0.28943,-2.91234,0.41238,0.15405,0.15160,0.22301,0.08437,0.68808,11.76045,5.09745,2.23972,0.14964
40,16.15786,0.32426,1.44743,0.83417,2.59748,1.55744,-0.05156,0.20695,-0.16073,0.00988,0.21876,0.20251,0.12724,0.11628,0.25752,8.34278,5.87718,0.70367,0.14663
41,11.29061,0.00156,1.66106,1.16305,0.55905,0.64001,-0.25385,0.28024,-2.48447,-0.17917,0.05730,0.22238,0.28690,0.08125,0.39509,16.57149,4.92706,0.51409,0.14060
42,17.51536,0.04119,0.60161,0.53592,4.35422,0.59016,-0.43297,0.21574,-0.82620,-0.52026,0.19738,0.14558,0.24292,0.11233,0.17347,12.85551,8.97061,1.74235,0.14099
43,8.82171,-0.24938,1.19034,1.33155,3.00751,1.10866,-0.12307,0.13470,-2.51620,-0.00042,0.16942,0.15993,0.17312,0.13389,0.09839,10.05480,6.80179,1.86291,0.14981
44,15.29139,0.16222,1.27026,0.94609,4.64506,1.38238,-0.05312,0.18992,-2.37257,1.18205,0.20680,0.27488,0.16103,0.05824,-0.40917,11.41910,6.29354,1.37360,0.13327
45,16.44835,-0.20339,0.53752,0.49940,1.74895,0.85724,-0.10145,0.22828,0.01419,1.43938,0.15289,0.11302,0.24323,0.06808,0.74520,16.84209,4.15906,1.10523,0.14408
46,13.99956,-0.26917,1.05107,0.52426,4.50223,1.61048,-0.27102,0.17473,-2.27664,-0.51561,0.02065,0.01626,0.19277,0.13799,-0.61987,9.61232,8.21891,1.03615,0.13466
47,9.98330,-0.12680,0.48215,1.15628,3.14361,1.15768,-0.47699,0.25389,-1.66966,0.57053,0.21123,0.22022,0.21997,0.04082,-0.48452,5.76833,7.78664,0.40286,0.14443
48,16.69171,-0.17751,1.15410,1.11882,0.26594,1.46787,-0.12838,0.23680,-1.72502,1.46116,0.11237,0.11214,0.17587,0.02147,-0.08268,18.13038,8.10677,1.17025,0.12981
49,14.16862,-0.06953,0.45801,1.25287,1.43379,1.66194,-0.31447,0.17044,0.53519,1.10352,0.20556,0.09007,0.16484,0.08666,0.03105,7.45522,8.76849,0.23401,0.14234
50,10.12964,0.05600,1.24999,1.39426,2.06374,1.31056,-0.08116,0.20812,-0.31194,0.58870,0.03200,0.14951,0.16821,0.09962,0.47297,12.53428,3.86246,1.04147,0.13438
51,10.67717,-0.01348,0.54168,1.02934,4.19852,1.03716,-0.23464,0.16790,-0.48485,0.21371,0.09142,0.05238,0.25392,0.10055,0.53812,8.44650,8.85198,1.06653,0.15978
52,12.86772,0.25428,0.51625,1.24467,1.73744,1.47364,-0.32716,0.16470,-2.65392,0.74483,0.06782,0.12363,0.22678,0.04216,-0.47539,5.38848,2.56277,1.19508,0.14740
53,16.26345,-0.38405,0.49652,1.45624,3.57283,1.91756,-0.20528,0.24110,-1.27786,0.71899,0.10987,0.14805,0.15717,0.10115,0.68028,6.27130,6.00529,1.98359,0.15791
54,11.21151,0.36398,1.69640,0.66637,0.77582,1.17943,-0.04061,0.24586,-1.25809,-0.27228,0.15147,0.16247,0.27135,0.12290,-0.52734,11.91050,4.98817,1.33941,0.14210
55,10.08278,-0.09888,1.76462,0.95557,2.33837,0.85581,-0.44054,0.20635,0.63886,-0.37046,0.21682,0.11958,0.26444,0.13850,0.41564,18.22968,7.84360,1.11484,0.13286
56,19.81096,-0.02861,1.36382,0.46700,2.41310,0.88566,-0.24698,0.15086,-1.46796,-0.39089,0.15990,0.11451,0.12147,0.03904,-0.55884,6.80581,4.96152,1.23941,0.15916
57,12.26534,-0.18321,1.31324,0.76485,1.92814,1.35074,-0.38134,0.25437,0.33645,1.32510,0.06889,0.01454,0.22446,0.02452,-0.26796,16.06944,2.71996,0.81539,0.13314
58,14.74663,0.17646,0.64297,0.45842,0.84565,1.16302,-0.29398,0.25954,-1.96266,0.62831,0.23360,0.12645,0.21153,0.09704,0.14939,5.97414,7.71748,0.47598,0.12934
59,12.25408,-0.03025,0.40588,1.34858,4.31666,0.87273,-0.12225,0.27386,0.51354,-0.05970,0.13203,0.04670,0.13074,0.04458,0.40023,17.06944,4.03924,0.09084,0.15549
60,19.55145,-0.49857,1.05976,0.90229,0.43174,0.54307,-0.33677,0.20214,-1.71098,0.79653,0.06751,0.15361,0.26785,0.09627,-0.07718,17.84506,9.93822,1.70677,0.15890
61,8.65912,-0.36457,1.46748,1.15280,3.22481,1.09596,-0.38856,0.15809,-2.92376,0.63521,0.22706,0.03038,0.20972,0.01480,0.05886,9.18044,8.55235,1.25273,0.15067
62,16.37516,-0.00852,1.54889,0.93331,3.69558,0.80886,-0.28467,0.27854,-1.63721,0.28475,0.12314,0.03196,0.28388,0.14073,-0.06952,16.13271,2.26571,2.26032,0.14194
63,11.96636,-0.46067,1.51887,1.14707,3.16796,1.90600,-0.43720,0.14997,-1.11245,0.73565,0.18121,0.16398,0.23949,0.11011,-0.20515,10.64669,2.62598,2.09552,0.13967
64,12.96045,0.19075,0.33738,1.22974,2.37004,1.42554,-0.45528,0.24495,-0.80889,1.51076,0.06004,0.12211,0.20870,0.10256,0.57084,3.99700,7.92220,2.31539,0.12871
65,19.34923,-0.07510,0.71425,0.97387,3.44157,1.73039,-0.37693,0.15262,-2.34845,0.03971,0.19317,0.09246,0.25583,0.07623,-0.35583,17.32134,4.22608,1.58236,0.16110
66,11.39408,-0.15959,1.37601,1.43238,2.61631,1.31862,-0.33982,0.15739,0.61746,1.35643,0.22586,0.23593,0.12041,0.02071,-0.58824,16.40486,4.21647,0.58713,0.15261
67,12.39328,-0.18941,1.65949,0.89019,1.59682,1.27527,-0.08961,0.26797,-2.54190,-0.24772,0.20023,0.29950,0.18632,0.06951,-0.02744,11.10245,9.68196,1.94254,0.15350
68,13.25098,-0.22982,1.71180,0.89771,3.98436,1.49499,-0.44694,0.13129,-1.94474,-0.56998,0.18358,0.20673,0.13993,0.04694,0.30898,15.25354,3.30019,0.12858,0.15709
69,17.97165,0.15001,1.92734,1.47943,3.48376,1.49839,-0.40439,0.16259,0.19080,0.97262,0.17978,0.21681,0.20336,0.05956,0.63007,5.89626,3.83582,1.01687,0.14378
70,17.79456,0.11239,0.68475,0.71153,2.77030,1.38538,-0.37170,0.27253,-0.59563,0.98655,0.03723,0.15677,0.26683,0.06153,-0.73402,9.35098,9.23321,0.62160,0.14537
71,16.29220,-0.45594,1.10678,0.38466,1.02156,1.22793,-0.08674,0.25006,-0.12877,-0.33694,0.09895,0.14007,0.27630,0.08903,-0.10515,14.48902,5.33081,2.28482,0.12670
72,17.17107,-0.05803,0.80712,0.59408,2.13720,0.76290,-0.24236,0.14633,0.02697,-0.19245,0.06302,0.26037,0.14221,0.01521,0.44829,18.84422,5.63205,2.19649,0.14390
73,12.19933,-0.39440,1.80483,0.97952,0.06559,0.96086,-0.27543,0.18694,-0.64870,1.22495,0.01020,0.29303,0.21096,0.02335,0.52083,13.79774,6.99470,0.88242,0.15741
74,17.31106,-0.29394,0.39007,0.72091,0.94703,1.71159,-0.27946,0.23945,-1.89288,1.28585,0.20198,0.19979,0.21297,0.14985,-0.38706,4.11578,3.12205,2.20824,0.13242
75,15.49184,0.33297,0.63559,1.48521,1.71857,1.06457,-0.17772,0.24700,-0.54366,0.92420,0.12738,0.02290,0.19815,0.13919,-0.20831,17.12013,5.93509,1.14245,0.16168
76,10.49161,-0.15305,1.40441,0.54460,4.73077,1.52429,-0.43988,0.24257,0.57878,-0.60507,0.15025,0.07098,0.15235,0.09379,-0.57847,3.73046,7.14527,0.20682,0.12837
77,18.59559,-0.30866,1.81917,1.29951,1.13889,1.41860,-0.42380,0.17945,-2.53348,1.65637,0.16691,0.22681,0.17954,0.12614,0.49850,14.26314,3.69234,0.14046,0.15938
78,12.44656,0.43336,1.42383,1.01591,1.16062,1.20577,-0.10913,0.20841,0.42153,0.95360,0.08555,0.12769,0.25908,0.01040,-0.28336,4.91412,7.60396,2.46253,0.13556
79,12.54333,0.05160,0.96685,0.41038,2.84410,0.87062,-0.00954,0.26095,-2.17479,-0.02676,0.04847,0.13717,0.28979,0.07141,0.26809,4.56626,3.89568,0.42012,0.15502
80,11.45167,-0.25517,1.10810,1.19148,4.22909,0.70891,-0.00636,0.22760,-2.10126,-0.90426,0.04463,0.01075,0.11524,0.06185,0.04207,12.35180,6.61441,1.82011,0.14434
81,13.70543,-0.01927,0.59516,1.38959,3.56050,1.02743,-0.21802,0.27736,-0.09968,0.39482,0.17444,0.19058,0.16269,0.05848,-0.56672,5.57816,1.56627,1.57163,0.15234
82,11.72435,-0.43400,1.56260,0.48073,2.88323,0.78858,-0.47963,0.21156,-0.28666,0.19807,0.10557,0.27848,0.10832,0.04309,0.63276,7.68759,1.64252,0.95752,0.13791
83,18.70787,0.02518,1.67846,1.01929,4.06310,0.83025,-0.02149,0.16096,-1.22608,-0.10252,0.11446,0.18923,0.16073,0.10827,0.48315,9.03275,1.85085,2.05968,0.16426
84,10.72581,-0.14579,0.88117,0.87392,3.28112,0.65140,-0.07327,0.29729,-1.19261,-0.82475,0.14014,0.17778,0.27479,0.07420,-0.10235,19.13046,9.89346,0.53152,0.13609
85,12.76103,0.20524,1.61150,0.94898,0.59647,1.12061,-0.26109,0.21284,-2.46744,0.60810,0.22001,0.05367,0.10093,0.06410,0.78912,13.28766,7.65262,2.04132,0.14732
86,17.94658,-0.16595,1.34689,0.55703,3.83153,0.57841,-0.40967,0.16835,-1.48457,1.70821,0.07348,0.00625,0.23869,0.01587,0.73132,10.53487,5.47234,0.60755,0.15774
87,11.05336,0.49840,1.19393,0.55090,4.70125,0.97065,-0.45907,0.17152,-0.96098,0.84744,0.09828,0.24511,0.19313,0.13060,-0.54637,16.37289,5.98483,1.59971,0.12519
88,17.18017,-0.41534,1.79235,1.27351,1.20940,0.90334,-0.19329,0.26534,-1.04554,1.93841,0.07196,0.22930,0.10472,0.10212,-0.60577,18.81854,3.38546,1.96250,0.13991
89,10.62993,0.42098,0.70212,1.31300,4.55040,0.92936,-0.13778,0.19220,-0.50117,1.68297,0.22819,0.06183,0.11933,0.09907,0.66743,5.08959,5.70229,2.10244,0.13701
90,17.68406,0.14333,0.43804,0.50869,1.54019,1.76574,-0.11077,0.20547,-2.58057,1.79241,0.09008,0.13339,0.18943,0.14324,-0.29257,19.35976,9.10912,0.22080,0.13571
91,15.67923,-0.33209,1.26512,0.72734,1.38401,0.71718,-0.17290,0.14954,-1.56895,1.04617,0.23036,0.19520,0.28709,0.12683,0.57862,2.84545,6.45177,1.23315,0.15456
92,18.51454,0.01418,1.47850,0.61038,2.01289,0.60217,-0.07737,0.24332,-0.04985,1.81599,0.20666,0.24086,0.11179,0.03973,-0.23941,7.16726,6.86635,2.21972,0.16039
93,11.33420,-0.02152,0.32666,0.81846,0.53799,1.73716,-0.21327,0.16931,-1.79514,-0.26333,0.04960,0.04380,0.24980,0.01918,0.48856,19.56182,6.20498,1.60591,0.14839
94,14.50126,-0.33613,1.73972,0.81060,4.03324,1.34090,-0.07003,0.18942,-0.37160,0.42841,0.08144,0.22411,0.26216,0.04265,-0.39648,4.29658,3.99389,0.77226,0.12913
95,19.32882,0.41654,1.99199,0.86634,2.44661,1.88035,-0.14090,0.18530,-2.21216,1.16847,0.07693,0.09746,0.17639,0.07199,0.02131,11.48387,4.08630,1.29378,0.13514
96,14.25719,0.18825,1.16760,0.91955,2.90875,0.68094,-0.22804,0.24834,-2.13668,1.15614,0.04603,0.29771,0.12961,0.01199,0.30322,5.43008,4.86698,0.54063,0.15198
97,9.21565,0.06766,0.93503,0.39940,4.75119,1.24454,-0.15312,0.16342,0.15232,0.31215,0.01544,0.05990,0.22861,0.03668,-0.23046,18.72029,5.22559,0.06259,0.13521
98,10.98558,0.21232,0.94537,0.71740,4.52678,0.54561,-0.49190,0.28504,-0.46209,-0.40895,0.17732,0.26779,0.10333,0.02997,-0.74109,17.68089,7.06050,1.67676,0.16494
99,18.85374,-0.32889,1.97922,1.30451,1.56394,0.48893,-0.29918,0.23396,-1.08016,-0.67758,0.05863,0.26546,0.28296,0.01304,-0.33067,12.34140,9.84599,0.46391,0.15496
100,8.67817,0.34840,1.02446,1.23510,0.51377,1.94494,-0.36278,0.24963,-0.01946,-0.50093,0.12858,0.23293,0.11218,0.07956,0.32783,17.29651,1.92441,0.27595,0.12526
101,11.12935,-0.23749,1.38613,1.36356,2.28704,1.72627,-0.32957,0.26232,-1.84109,-0.65215,0.13488,0.21559,0.29426,0.05211,-0.36514,19.70891,5.39471,1.54965,0.16472
102,9.04009,-0.10132,1.77309,0.45350,2.63475,1.48548,-0.34595,0.16050,-0.06100,-0.01253,0.07078,0.10679,0.21475,0.10364,0.61130,2.42959,2.55048,1.18388,0.16382
103,9.57366,-0.45401,1.32550,1.35341,3.84168,1.19924,-0.30909,0.25809,-0.79628,1.38747,0.05467,0.06083,0.23780,0.13578,-0.30534,14.75619,9.82129,1.00390,0.15477
104,14.01168,-0.40727,1.25477,1.40233,1.11446,1.94343,-0.31826,0.23791,-1.61299,-0.73857,0.01473,0.17537,0.10940,0.10718,-0.11506,2.94598,4.42896,0.97996,0.13953
105,18.34650,0.27051,1.68639,0.42577,3.88309,1.29318,-0.46740,0.24814,-2.30142,0.94194,0.21002,0.20208,0.24731,0.05283,0.08276,6.73165,2.03130,2.34681,0.16241
106,11.84658,-0.47637,0.45171,0.44434,0.65232,1.44368,-0.09868,0.24026,-1.90246,-0.13793,0.23954,0.02708,0.24024,0.08538,-0.77184,16.29542,4.29557,0.99368,0.14796
107,11.10428,0.08595,0.98509,1.31970,1.24351,1.59210,-0.07997,0.28861,-2.78286,1.03488,0.15838,0.22998,0.15331,0.13313,-0.42296,16.66920,3.11351,0.03214,0.15839
108,11.48465,-0.25270,1.56775,0.83020,0.79115,1.58753,-0.11710,0.13891,0.39024,-0.79503,0.21980,0.26299,0.25238,0.04575,-0.64725,16.67000,9.46243,1.30016,0.13675
109,8.34824,0.44099,1.50225,0.51338,1.95510,1.36891,-0.00489,0.17310,-0.99715,-0.55812,0.21471,0.19822,0.14584,0.10888,0.56036,14.82018,4.34717,2.15639,0.12568
110,8.40326,0.43779,0.30621,1.44740,2.96449,1.86910,-0.35139,0.13005,0.59608,0.90528,0.05635,0.23101,0.18254,0.10583,-0.14987,13.52644,8.60279,0.19548,0.15999
111,16.16694,-0.05382,1.82183,0.53145,4.14972,1.82045,-0.40727,0.29613,0.47914,1.01532,0.08563,0.24256,0.20141,0.02476,0.51862,11.04543,9.42393,2.13017,0.14289
112,19.48022,-0.39531,0.92830,1.49366,1.10171,1.78989,-0.03450,0.27670,0.27757,-0.74927,0.10175,0.25280,0.13215,0.02941,-0.03638,17.48614,6.30658,1.53506,0.14268
113,10.17199,-0.10657,1.20306,1.29859,4.40941,1.43396,-0.38312,0.17416,-2.87082,0.55662,0.04066,0.21207,0.18082,0.09858,0.64549,18.56525,8.87066,2.12220,0.13087
114,18.04746,0.02179,1.13487,0.70478,4.08238,0.43813,-0.03663,0.25113,-0.02594,-0.04879,0.17584,0.27600,0.11629,0.11472,0.18268,15.09352,2.41903,0.79904,0.13016
115,18.45020,-0.31387,0.76216,1.13515,4.28851,1.75855,-0.14489,0.25600,-2.40309,-0.28443,0.22142,0.08123,0.28886,0.04749,-0.57161,2.69684,5.25943,0.24958,0.15948
116,9.91396,-0.34720,1.85310,0.58058,1.32470,1.24944,-0.47488,0.20418,-2.44841,-0.98017,0.23569,0.28802,0.19062,0.11677,-0.44156,2.78390,6.09704,1.78173,0.13358
117,11.80615,0.46389,1.70496,0.80514,0.12583,1.60068,-0.39665,0.27526,-2.22274,-0.48010,0.03778,0.00172,0.23030,0.11156,0.07747,3.59105,8.72567,1.67353,0.13141
118,16.77079,0.10994,0.61725,1.45315,1.18201,0.83697,-0.04725,0.15467,-2.72178,0.78147,0.17143,0.17562,0.16988,0.09049,-0.30358,5.64993,8.05617,0.32387,0.13730
119,14.37382,-0.26269,0.36030,0.48854,0.49116,1.07897,-0.05589,0.14761,-2.67112,0.13523,0.06058,0.22601,0.13784,0.05514,0.58681,8.84248,2.43642,0.39984,0.14004
120,14.79413,0.24649,1.30317,0.98858,2.02741,0.56829,-0.45144,0.25580,0.68422,0.09129,0.15729,0.04286,0.24537,0.14909,0.27499,3.17945,6.54688,0.55238,0.16377
121,11.95526,-0.48291,0.99677,0.85037,1.84414,0.74758,-0.43031,0.29160,-0.11605,1.97845,0.23900,0.29174,0.20088,0.13648,0.05171,17.97765,9.00484,1.71341,0.13168
122,15.04902,-0.08825,0.39973,1.46954,2.27371,0.94953,-0.41420,0.16684,0.31264,-0.59310,0.09511,0.29003,0.24167,0.09587,-0.27601,14.65839,3.06923,1.06007,0.13856
123,15.99423,0.23035,1.72068,0.96024,4.46166,1.23491,-0.25971,0.22315,0.81881,-0.86390,0.24226,0.05676,0.25666,0.03429,-0.46081,10.37812,7.31502,2.18183,0.13800
124,10.92708,0.20310,1.42073,1.49486,1.91232,1.92588,-0.42672,0.27150,-1.77277,-0.77829,0.03536,0.15071,0.10680,0.14092,-0.50381,19.91965,7.22603,2.37122,0.14817
125,14.90779,0.12761,0.69845,0.51758,0.27454,1.64585,-0.49744,0.17864,0.66358,1.24512,0.09232,0.11822,0.13605,0.08821,-0.71260,12.94139,7.38717,2.29206,0.16454
126,14.22946,-0.28796,0.50826,1.38443,2.47051,1.80355,-0.16715,0.14824,-0.77255,-0.92321,0.15608,0.01313,0.28449,0.14415,0.12685,8.28192,4.56279,2.02642,0.15209
127,8.84285,-0.44068,0.42527,1.32577,1.29685,1.05556,-0.10731,0.14274,0.95421,1.56148,0.02255,0.25625,0.18898,0.13030,-0.32443,3.27582,5.73677,1.65541,0.14126
128,10.79993,-0.12364,1.79807,1.29149,3.87094,0.75911,-0.49981,0.14122,-2.05886,-0.08891,0.11957,0.09311,0.26503,0.14671,-0.40162,6.37452,7.55587,0.85112,0.13120
129,18.29375,0.42635,1.24018,1.05030,4.58388,0.61379,-0.22707,0.22198,0.93512,1.89364,0.21543,0.00511,0.15568,0.01383,-0.06354,2.08528,6.08369,0.30090,0.13387
130,13.34196,0.40760,1.11640,0.75040,0.21462,1.93050,-0.03247,0.17551,-0.56164,1.69370,0.10665,0.28258,0.23288,0.10413,0.42605,8.63702,3.00285,0.05739,0.15847
131,13.54423,0.31188,1.75855,0.60195,1.36038,0.79582,-0.36610,0.14346,-1.32995,-0.29912,0.02177,0.06365,0.27577,0.07693,0.73810,18.03133,1.97457,0.62568,0.13075
132,8.04184,0.37378,0.74609,1.46172,3.18827,1.83897,-0.24494,0.24410,0.91364,-0.45393,0.02981,0.24327,0.26084,0.12445,0.76278,10.81183,9.56753,1.55645,0.13366
133,8.52690,0.09805,1.85723,1.34378,0.83225,0.69448,-0.19542,0.29262,-2.62964,0.18398,0.02718,0.08015,0.14720,0.14638,0.51083,2.58648,1.67513,1.78764,0.13683
134,19.45552,0.47677,1.86551,0.55304,0.92832,0.74038,-0.41709,0.13269,-1.21328,1.20938,0.14714,0.28660,0.15699,0.04529,-0.46775,3.51910,3.73111,0.84613,0.12603
135,10.33902,-0.09457,1.78192,1.17904,3.42165,1.78143,-0.35906,0.27923,-2.14362,1.63143,0.02914,0.10928,0.29813,0.03562,0.60657,4.19801,8.18516,0.96298,0.16182
136,15.85644,0.13560,1.52470,0.75483,4.10917,1.69980,-0.33279,0.29978,0.16559,1.54346,0.24798,0.00752,0.27251,0.06519,-0.72690,14.58801,2.66580,1.07873,0.16349
137,8.29041,-0.07075,1.55754,0.67278,4.84293,0.47145,-0.21068,0.13744,-0.14059,-0.36047,0.19376,0.10485,0.12887,0.03137,0.53438,15.17032,7.43715,2.46018,0.14779
138,10.54161,-0.42942,1.07746,1.26205,0.71141,0.92026,-0.18057,0.29458,-0.41015,1.09419,0.10458,0.29499,0.20240,0.01769,-0.79869,3.62477,9.49679,1.48528,0.14635
139,10.87271,-0.27989,0.73373,0.84365,3.49033,0.48577,-0.01335,0.15666,0.64485,0.76477,0.07995,0.17337,0.10776,0.03657,0.75822,2.29407,9.10643,0.27239,0.16085
140,9.33611,0.39605,1.88941,0.60740,3.73757,1.63612,-0.06760,0.18221,-0.94823,1.06596,0.21323,0.27916,0.16520,0.01072,0.61681,7.56460,1.80411,2.33044,0.16311
141,17.27840,-0.30323,0.89052,0.87285,0.38926,1.57757,-0.46886,0.22164,0.37071,0.09961,0.19657,0.29581,0.13448,0.05613,-0.43653,4.65885,5.14592,0.10896,0.15607
142,17.01111,0.39488,1.43064,1.02795,0.74986,1.68950,-0.27416,0.23879,0.40845,1.37392,0.23165,0.13024,0.20739,0.14766,-0.67902,11.31295,2.83643,0.51060,0.12763
143,15.55754,0.11825,1.60194,1.12875,1.81100,1.00855,-0.01245,0.22498,0.74970,-0.69128,0.01893,0.19472,0.12564,0.09175,-0.68679,10.11299,9.36038,0.34638,0.16279
144,15.24363,0.00838,1.62020,0.40228,0.88316,1.84620,-0.13168,0.29372,0.11829,0.25069,0.14463,0.06990,0.11399,0.02296,-0.75525,19.81060,4.77267,0.67579,0.14304
145,19.19906,0.30977,1.72992,0.36870,3.59675,1.98362,-0.48615,0.27088,-0.60802,1.76715,0.13340,0.00934,0.26888,0.13192,0.78250,8.12788,5.17603,0.88936,0.14491
146,13.62069,0.45760,0.42757,1.14169,0.02181,0.72024,-0.34787,0.21877,-0.24518,0.49899,0.14221,0.19719,0.14154,0.02232,0.76900,5.30643,9.64521,0.29701,0.12976
147,8.22119,0.21977,0.65686,1.06939,4.81163,0.56593,-0.41127,0.29810,-2.09003,1.87974,0.19141,0.17069,0.13570,0.02834,-0.70113,3.89543,2.13380,0.00736,0.16300
148,15.36933,0.45166,1.04554,0.35832,0.16389,0.59702,-0.39017,0.26338,0.82872,-0.65603,0.18477,0.20458,0.25838,0.08713,-0.00728,4.86619,2.34075,1.93152,0.13054
149,15.00915,0.35400,0.36839,0.37660,3.33980,1.08240,-0.01577,0.29140,-0.53716,1.30189,0.03283,0.17994,0.11702,0.06871,0.33799,11.84482,8.66777,2.07784,0.12801
150,17.76599,0.25977,0.58448,0.88096,4.15868,0.53442,-0.44295,0.29048,-1.37065,-0.99108,0.23495,0.06535,0.16340,0.08021,-0.66590,18.29919,3.26556,0.69383,0.12887
151,9.66213,0.28435,0.55562,1.16991,4.67958,1.56303,-0.04840,0.18798,0.05258,1.27099,0.10053,0.10632,0.24899,0.12867,0.66247,19.04331,2.20285,2.13794,0.15664
152,9.39206,-0.43738,1.63421,0.61819,3.79862,1.63092,-0.10269,0.23241,-2.96491,-0.89112,0.08837,0.26634,0.26994,0.12070,0.35863,15.35403,1.94645,0.49457,0.14650
153,14.84954,0.12122,0.31087,1.47177,1.40576,1.40351,-0.04483,0.26712,-1.14038,-0.61124,0.08320,0.02676,0.23586,0.02608,0.19301,5.19670,2.06613,1.22144,0.13230
154,16.07808,-0.40280,1.87847,0.99824,4.47425,0.40499,-0.23219,0.28633,-2.99797,1.49981,0.19944,0.02442,0.19548,0.11373,0.01460,17.83845,7.67202,1.28608,0.13036
155,9.79174,0.36692,1.45570,0.35502,3.93463,0.51629,-0.06305,0.19085,-1.65508,1.60008,0.14818,0.11563,0.22538,0.11730,0.07164,3.84007,9.36639,0.38692,0.13262
156,15.15264,0.28816,0.79222,1.09051,1.59488,0.42052,-0.48042,0.17836,-1.55766,-0.84730,0.02428,0.23501,0.23190,0.04069,-0.17898,4.70583,9.24923,2.41521,0.15004
157,16.95712,0.22631,0.66761,1.40829,0.72609,0.73515,-0.09314,0.21053,-2.19962,1.42567,0.07889,0.08412,0.29735,0.14218,0.71757,4.39000,8.33000,2.35087,0.14927
158,8.42737,0.07156,0.35121,0.57743,0.63165,0.47929,-0.06530,0.28676,-1.69899,1.35243,0.01128,0.14370,0.10557,0.04789,-0.53144,15.91121,4.50305,1.62101,0.16323
159,12.10185,-0.04992,0.84437,0.77805,3.65463,0.50950,-0.11317,0.16494,-0.27879,-0.62834,0.10763,0.09554,0.10187,0.13950,-0.64920,3.14308,3.58949,2.49193,0.12551
160,8.99441,0.22021,0.52381,1.42233,1.07069,1.85621,-0.47109,0.18428,-2.95085,1.74506,0.11723,0.07817,0.13874,0.09287,0.47084,15.46530,4.53003,0.94267,0.15698
161,18.62528,0.41443,0.71668,0.74674,0.11194,1.67378,-0.18669,0.29531,-0.84219,-0.94356,0.22956,0.02168,0.14960,0.12962,0.28157,16.95595,9.76473,0.91023,0.15021
162,18.77238,-0.36912,1.64971,0.38004,2.40095,1.65043,-0.05860,0.14541,-2.88166,0.35009,0.17417,0.19240,0.14689,0.03348,-0.76291,8.56270,9.61097,1.84586,0.13402
163,19.82814,-0.19323,0.84257,1.28150,4.02618,1.14393,-0.49302,0.22645,-1.99769,1.91673,0.16308,0.16694,0.27319,0.01692,0.23940,12.68105,1.53499,0.25215,0.13877
164,15.70894,-0.21342,0.48906,0.91129,4.64010,1.85188,-0.34190,0.13536,-1.74967,0.65514,0.01609,0.28550,0.12385,0.04966,-0.09366,9.45665,3.17780,2.26315,0.15148
165,19.71483,-0.08074,1.95828,0.44038,2.53731,0.41060,-0.35364,0.28189,0.35347,-0.44203,0.05178,0.25904,0.22039,0.14469,0.45788,15.51690,7.89122,0.56488,0.14353
166,8.57807,0.38427,0.81061,1.42880,3.97051,0.44860,-0.26663,0.13204,-2.80281,-0.15149,0.17876,0.18313,0.28054,0.01230,0.33133,14.95675,2.95584,0.67423,0.15724
167,14.66958,-0.28317,0.86436,0.57087,4.82660,0.98927,-0.34329,0.14403,0.87527,1.32415,0.24080,0.15805,0.14848,0.13496,0.03401,13.93191,4.76352,0.83094,0.15434
168,16.58131,0.34264,1.95087,1.05510,4.89429,0.77429,-0.13415,0.28388,-2.85644,0.14232,0.02459,0.24959,0.12498,0.12738,-0.63506,4.45911,6.69706,1.51708,0.14605
169,15.39837,0.49128,0.54789,1.20000,0.98157,0.61709,-0.41964,0.29891,-2.82798,1.45998,0.24732,0.27264,0.16734,0.06615,-0.22230,13.23491,4.10134,2.43170,0.15562
170,18.12197,0.16586,1.33324,0.47208,0.40386,1.82444,-0.26403,0.13798,-2.56489,-0.92502,0.18787,0.28350,0.20562,0.11931,0.21300,18.46664,3.34827,1.89691,0.15366
171,18.89920,-0.42498,1.97341,0.89272,2.56961,1.96792,-0.32213,0.15944,0.29574,1.20017,0.04206,0.13371,0.27775,0.10785,-0.05073,15.81131,7.51944,0.04843,0.15865
172,13.30114,-0.32322,1.92195,1.36991,0.29545,0.89582,-0.15762,0.19783,-1.42486,0.16815,0.06563,0.02951,0.19485,0.02799,-0.19821,19.45932,2.16398,1.50343,0.15638
173,8.15372,-0.11240,0.83246,1.20564,3.53436,0.70242,-0.31599,0.25896,-1.58337,1.96157,0.14643,0.03989,0.29086,0.01859,-0.65842,4.98709,4.35794,2.22814,0.12954
174,9.51456,0.29438,1.28905,0.41609,0.33863,0.49709,-0.40071,0.15420,-2.01727,1.12977,0.20260,0.07246,0.17842,0.14798,-0.54214,9.50944,1.72863,2.30573,0.15801
175,8.07625,-0.48556,0.89697,1.40168,2.17400,1.90235,-0.02713,0.23602,-0.90115,-0.76786,0.20911,0.16858,0.12639,0.10474,0.34834,19.27715,8.48075,1.46240,0.16070
176,13.49310,-0.22216,1.93625,1.27814,2.66682,1.57232,-0.37969,0.26034,-2.42807,1.40424,0.24359,0.21781,0.29587,0.12788,-0.45216,6.14801,8.26617,2.38581,0.16406
177,17.39576,-0.47444,0.77308,0.45968,4.32992,1.51285,-0.12663,0.28077,0.48830,1.99674,0.11413,0.16172,0.14359,0.05647,-0.74921,3.06209,8.35926,0.16705,0.12626
178,16.93497,-0.49228,0.47819,0.65121,2.49529,0.55520,-0.31140,0.26378,-0.73318,-0.54985,0.19096,0.03364,0.18473,0.02693,0.65150,8.94687,6.73134,0.93349,0.16158
179,15.58362,-0.16401,0.41865,0.36339,4.88467,1.09777,-0.37499,0.23491,-2.61324,1.25919,0.03069,0.03840,0.25720,0.12244,-0.25630,17.44272,5.56348,1.98828,0.16018
180,9.73620,0.10228,1.67004,0.75855,0.36290,1.76993,-0.42975,0.19369,0.72754,1.85245,0.23726,0.20721,0.29303,0.01785,0.18903,14.19072,5.51952,1.63691,0.13932
181,17.08579,-0.31752,1.58983,1.24883,2.50917,1.87468,-0.45481,0.18115,0.79022,-0.80941,0.01309,0.00148,0.15019,0.04897,0.24616,17.58433,7.81687,1.91180,0.12731
182,19.05505,0.40395,1.18023,0.56786,4.78368,1.99131,-0.02496,0.26928,0.98369,-0.95787,0.18607,0.26863,0.26153,0.13447,-0.14186,7.66591,4.65413,1.13669,0.16131
183,19.15639,-0.44743,1.94798,1.21021,1.88149,1.45671,-0.17227,0.27556,-2.77036,-0.21491,0.23241,0.25704,0.29682,0.03461,0.37960,10.93960,9.71477,0.46035,0.12597
184,19.60500,0.44634,0.68207,1.18646,3.66565,1.40961,-0.09142,0.28251,-0.43818,0.69223,0.01822,0.04887,0.29975,0.02671,0.72255,18.52115,9.15389,0.15452,0.14865
185,19.91530,-0.35315,0.58002,1.10420,0.09498,0.84263,-0.29199,0.17745,0.21577,-0.72913,0.06442,0.05491,0.28112,0.12014,-0.78233,6.65992,9.03456,0.36237,0.12697
186,16.72210,0.47064,0.34446,1.36124,0.24009,1.71838,-0.03876,0.13996,0.70010,1.89762,0.06244,0.06662,0.18720,0.07876,-0.51716,13.12051,5.60903,1.91758,0.13585
187,14.30258,-0.37004,0.38005,1.12159,1.27640,0.63905,-0.32420,0.21719,-2.24641,1.53201,0.05282,0.28138,0.19980,0.14290,0.70972,13.42174,9.98566,0.01679,0.15254
188,14.60352,-0.46584,1.36042,1.17687,4.21749,1.97149,-0.00130,0.15361,-1.28459,1.47698,0.12111,0.00396,0.14002,0.05755,0.70383,5.86921,1.78499,0.71773,0.15125
189,13.21443,0.38917,0.91451,0.64521,4.61671,0.65687,-0.30629,0.17647,-2.75787,1.74421,0.18645,0.24603,0.27922,0.11535,0.79528,7.26324,1.60311,2.39127,0.12744
190,12.65395,0.48572,1.63903,0.48356,0.57494,0.46117,-0.01911,0.26469,-2.70941,-0.31251,0.12531,0.17224,0.10222,0.07282,0.29334,18.93547,4.83574,0.11801,0.13640
191,9.08418,0.06253,1.29998,0.66262,0.68026,1.62140,-0.46405,0.28365,-1.38229,-0.71221,0.07421,0.07679,0.14479,0.03222,-0.69568,2.21183,2.88862,2.48740,0.16204
192,9.17278,0.13272,1.84455,1.37763,4.26322,1.05922,-0.21659,0.27365,0.96559,0.23076,0.17018,0.27411,0.22968,0.08375,-0.78873,19.52877,2.76354,0.59944,0.14023
193,19.69630,-0.34302,1.01492,1.41711,0.02702,1.99529,-0.48447,0.21471,-1.92806,1.78888,0.24465,0.01792,0.13341,0.07721,0.13718,7.03047,7.96979,1.35289,0.13187
194,10.22117,0.37673,1.89187,0.84706,0.89823,0.63120,-0.28212,0.26998,0.88891,1.84714,0.02677,0.27120,0.11433,0.10619,0.67525,3.35811,8.45979,1.72808,0.13762
195,9.83101,-0.38607,1.89965,1.44010,0.19092,0.44534,-0.13687,0.16205,0.84723,1.94596,0.19547,0.04156,0.29299,0.11843,0.11489,2.11654,2.81670,0.43935,0.14103
196,16.53820,-0.21994,1.46328,0.43109,1.98764,1.21237,-0.02833,0.14064,0.09467,0.80656,0.24539,0.01913,0.28570,0.14548,0.38761,19.90951,9.29418,2.43750,0.13200
197,18.19438,0.26794,1.98805,1.09920,4.43989,0.77851,-0.39452,0.13357,-1.50444,1.64450,0.07819,0.04603,0.11809,0.02009,-0.33847,16.02357,8.56054,2.01000,0.16237
198,19.98343,-0.41233,1.83553,0.68759,1.45066,0.52589,-0.06072,0.28786,-1.87561,0.51512,0.08430,0.18892,0.29142,0.06075,0.25029,2.46461,2.25244,2.41123,0.15582
199,9.29316,0.32921,0.32356,0.69558,3.39070,1.89572,-0.28900,0.14452,-1.81116,-0.86854,0.16084,0.13920,0.18137,0.05353,-0.18428,7.94097,7.46623,0.36337,0.13633
